sslpso=[555.4936	555.4936	546.646339	535.9353414	524.0919329	515.1554341	494.9877116	492.879557	487.3362819	466.8933056	455.9498176	435.7661835	430.5399689	411.0571692	397.1661411	393.2512206	387.4688158	380.8693199	374.2086973	371.9824736	353.9064446	351.0933296	344.7750914	335.4832891	327.7093486	327.5329937	320.1889474	313.1955787	293.943064	281.1008938	274.3417761	264.444331	256.8476446	252.9472235	249.6987405	248.9794506	242.9098895	234.9582393	232.9233854	224.4456927	218.5042873	210.078518	203.1691382	200.8153343	197.1052429	189.7607858	186.9196302	182.8424464	177.1923461	170.8863237	166.7679036	162.4838891	155.9846531	150.8251517	147.8481519	141.2210839	138.4711708	135.3008804	130.3437735	126.6075134	122.636973	119.1436523	115.3243915	113.707645	110.2807132	105.3555606	103.3577227	101.097173	97.93927226	93.67099537	91.0797159	88.92164589	84.9007667	82.59517242	81.40902735	79.16086981	77.5500783	73.17636133	71.16864738	70.15833683	68.18810918	67.33498321	65.66163883	61.92861833	60.46241711	58.77975209	57.80444768	56.76053499	54.83486443	53.72309736	52.05016084	50.10310345	48.70417889	48.40695199	45.72868685	43.86725332	43.03457234	42.01716224	40.81308909	40.17203364	39.22970177	38.76835742	37.18896702	36.53346841	34.80764749	33.8648422	32.27648529	30.81000928	30.23133016	29.41587696	28.74556172	27.90669248	27.43314679	26.71474857	25.31369174	24.98870806	24.18076812	23.23711971	23.15591098	22.75024314	22.03575185	21.40889603	21.14096882	20.26814679	20.04612267	19.8259384	19.22031676	18.1719106	17.94448907	17.31089669	16.78120916	16.35518657	16.08354476	15.71175965	15.33950627	14.79797352	14.62879943	14.3250512	13.83791421	13.69058047	13.34690812	12.88238551	12.7571885	12.04882773	11.88626882	11.51052105	11.41037525	10.9173773	10.77798537	10.37832725	9.945174627	9.648315578	9.375462562	9.213508815	8.906610275	8.756185212	8.620253679	8.465719264	8.288622462	8.104948589	7.955995292	7.786826376	7.743312861	7.632536899	7.322426885	7.234313375	7.04826938	6.988721767	6.784096707	6.724520666	6.695653304	6.607219864	6.317808859	6.180870476	5.917652537	5.840455921	5.611776602	5.521793333	5.367907869	5.302017317	5.259206441	5.156558972	5.137574634	4.740775074	4.701154041	4.333749515	4.303886811	4.240644565	4.130410814	4.079556341	3.904063048	3.862935237	3.845878817	3.799562892	3.152118503	3.086370633	2.835563848	2.822563408	2.80316665	2.596062696	2.568918935	2.547833823	2.518688034	2.471693094	2.429629523	2.196608249	2.184103003	2.180590906	2.156245274	2.138389909	2.120882633	1.908455597	1.891853288	1.875332534	1.845080315	1.836801267	1.8299487	1.734001012	1.728841958	1.632029534	1.617270751	1.593799095	1.58487188	1.570736644	1.56012563	1.550275844	1.534879335	1.460989214	1.454997367	1.44866922	1.440456664	1.378411811	1.364157852	1.354737152	1.348156577	1.33436289	1.328961182	1.322450394	1.308875282	1.268888246	1.265411291	1.226553716	1.222989752	1.215763879	1.211269164	1.202254682	1.184635242	1.180976673	1.178110468	1.177097015	1.176901517	1.169605921	1.16403545	1.160324693	1.144238658	1.138294616	1.135453673	1.130161148	1.124660905	1.123239565	1.122355624	1.11815678	1.104062453	1.095155458	1.093631973	1.091599607	1.090679881	1.089437583	1.088283919	1.087250907	1.077185149	1.075222164	1.06721385	1.065107037	1.063782644	1.061037034	1.060538756	1.057447585	1.05595868	1.051958134	1.043208048;
    20.65867032	20.65867032	20.65302189	20.61968869	20.61799101	20.56783508	20.55575133	20.54870924	20.53887489	20.53064458	20.51518789	20.46222715	20.40615176	20.38615754	20.36663135	20.32318429	20.29640769	20.20121423	20.16286801	20.14590436	20.12495175	20.08125135	20.05230722	19.97051563	19.89451414	19.82232993	19.79166347	19.7559743	19.7500863	19.71925678	19.64785186	19.6038596	19.57009286	19.53857241	19.47241232	19.44703776	19.43865215	19.38693464	19.36844372	19.35496482	19.34782357	19.26229738	19.22417825	19.22112245	19.19686756	19.1293463	19.12543897	19.06176643	19.00462772	18.98127777	18.89748734	18.87174386	18.73029473	18.697479	18.68618036	18.6791029	18.65571455	18.63765595	18.61485805	18.59962864	18.58010906	18.55345588	18.5478007	18.49655742	18.45101415	18.43019673	18.40907393	18.3995003	18.35942514	18.35863668	18.33207267	18.32154441	18.25387709	18.20309351	18.08866416	18.05327843	18.02225558	17.98067746	17.929377	17.87986566	17.78442277	17.78442277	17.75961097	17.68491999	17.66817896	17.6070906	17.52418345	17.4669079	17.44570686	17.38067651	17.38067651	17.3637131	17.24399943	17.1859412	17.09950274	17.05652615	17.00674047	16.95987195	16.90269896	16.90269896	16.80607106	16.65741196	16.62129053	16.46985064	16.4098024	16.38039246	16.32205032	16.29089799	16.20360868	16.00289782	15.95865575	15.90907638	15.81886266	15.70949411	15.70678413	15.66215413	15.6148473	15.47998636	15.45128093	15.3485976	15.30919598	15.19958271	15.15658194	15.04170143	14.99295612	14.94300322	14.90957326	14.8831356	14.80343299	14.78581644	14.72181081	14.68289452	14.62224236	14.51693226	14.47780134	14.35259528	14.32960927	14.23060693	14.16715541	14.1021721	14.00230012	13.94642964	13.92458591	13.84309563	13.79014866	13.75523452	13.67869506	13.62349012	13.53885451	13.49928602	13.48965971	13.47624361	13.36672506	13.32712773	13.32148524	13.2890872	13.21372057	13.12565529	13.02136467	12.95458576	12.87013403	12.77383464	12.67918003	12.62208337	12.57621075	12.53511836	12.44108849	12.41831235	12.36603468	12.31151264	12.26334198	12.11915124	12.06515288	12.03154542	11.99913553	11.94221067	11.88231094	11.82164835	11.80919661	11.79215647	11.71370268	11.66784271	11.62701855	11.49903163	11.38071227	11.37040947	11.31840048	11.28210069	11.20316119	11.17494622	11.10762729	11.07736079	10.965364	10.9058179	10.77474083	10.74950404	10.68781248	10.55452923	10.50658366	10.48893214	10.4760545	10.42822795	10.35797684	10.33908149	10.30273796	10.27419866	10.26987117	10.18230563	10.13016836	10.13016836	10.04075909	10.03220537	9.961707664	9.886256428	9.837469786	9.833877886	9.788297291	9.74331378	9.715020298	9.688250582	9.666000934	9.612878392	9.553251616	9.528258642	9.492422837	9.385718811	9.350973714	9.345985607	9.272148097	9.233685184	9.200130064	9.14133132	9.091490359	9.004083961	8.943351424	8.876863285	8.845755817	8.797246342	8.750217101	8.713165781	8.686911927	8.647533928	8.590704253	8.57401075	8.549056065	8.549056065	8.524083094	8.464456831	8.421446681	8.404665269	8.404515989	8.348470183	8.29479742	8.286123117	8.248471363	8.199730843	8.150821535	8.129667332	8.069920678	8.014570819	7.992863188	7.898641557	7.816848959	7.807879971	7.806972501	7.720524696	7.702011518	7.65369527	7.625238508	7.559942749	7.553329769	7.478600249	7.465924122	7.459135629	7.418633778	7.390824043	7.370642856	7.366238545	7.360496325	7.280046517	7.186049695;
